2.68846201897
21.6248588562
2.38742876053
0.342215955257
1.89490950108
0.532631754875
1.32908284664
1.47987651825
0.654832184315
2.8513944149
6.51473999023
0.540404260159
0.481861531734
1.27576363087
8.22262096405
0.345887959003
2.42446017265
10.4336538315
1.56109285355
3.70037269592
4.08095693588
1.27310752869
7.13932847977
0.547890901566
7.58663702011
1.05418074131
3.04997825623
2.69553780556
1.87344288826
2.89075994492
3.826202631
2.6238462925
0.819333970547
2.10248398781
1.66939258575
0.245709642768
0.860493063927
2.94428682327
1.19941210747
3.60950803757
0.733570456505
0.0738814324141
1.7272387743
1.08972036839
1.45525717735
1.2607793808
6.52086400986
10.622300148
2.35839343071
1.33273947239
